0.02294463036
0.01963473934
0.02071855779
0.01879660129
0.01176758921
0.02551423023
0.01089609711
0.00008167117609
0.004447417735
0.01442575671
0.01696118587
0.01885848895
0.03094386672
0.01985570421
0.01618407581
0.004996432493
0.009343150249
0.009450672908
0.03787508996
0.01753550073
0.009098523446
0.01050151564
0.01556818124
0.01664062304
0.03033539158
0.04048220623
0.03255930865
0.02570987358
0.02428412144
0.01512616196
0.01506509925
0.01117441469
0.01824110703
0.01029722559
0.01501483144
0.02450969076
0.03132291471
0.01399396821
0.01711198537
0.03097694291
0.01719896683
0.03120073164
0.03701407662
0.02841141033
0.02407054095
0.01563143856
0.02404031151
0.0170388976
0.02953544431
0.0366126357
0
0
0
0
0
0
0
0
0
0
0
0
0
0
0
0
0
0
0
0
0
0
0
0
0
0
0
0
0
0
0
0
0
0
0