0.02280361121
0.01915268544
0.02015413296
0.01908251887
0.01136143819
0.02488990308
0.01128858513
0.004704325852
0.01477479521
0.01712467774
0.01866320065
0.03118415094
0.02005891233
0.01559403681
0.004740478612
0.009033152819
0.009770730011
0.03760806593
0.01717794803
0.00901691311
0.009865868322
0.01465803197
0.01593632862
0.02944790193
0.04019774414
0.03173532206
0.02488977807
0.02476684402
0.0154959235
0.0148103045
0.01079822707
0.01861995508
0.01072309308
0.0158309812
0.02449597359
0.03124936438
0.01456019673
0.01648667113
0.0316333129
0.01728911429
0.03062780108
0.03759848008
0.02935033982
0.02448329541
0.01638782782
0.0248136613
0.01730470288
0.03051885213
0.03723983999