Matchup	Value
[4, 4, 4, 3, 3, 3]	-24
[4, 4, 4, 4, 3, 2]	-24
[4, 4, 4, 4, 4, 1]	-21
[5, 4, 3, 3, 3, 3]	-24
[5, 4, 4, 3, 3, 2]	-24
[5, 4, 4, 4, 2, 2]	-24
[5, 4, 4, 4, 3, 1]	-21
[5, 4, 4, 4, 4, 0]	-16
[5, 5, 3, 3, 3, 2]	-24
[5, 5, 4, 3, 2, 2]	-24
[5, 5, 4, 3, 3, 1]	-21
[5, 5, 4, 4, 2, 1]	-21
[5, 5, 4, 4, 3, 0]	-16
[5, 5, 5, 2, 2, 2]	-24
[5, 5, 5, 3, 2, 1]	-21
[5, 5, 5, 3, 3, 0]	-16
[5, 5, 5, 4, 1, 1]	-18
[5, 5, 5, 4, 2, 0]	-16
[5, 5, 5, 5, 1, 0]	-13
[6, 3, 3, 3, 3, 3]	-24
[6, 4, 3, 3, 3, 2]	-24
[6, 4, 4, 3, 2, 2]	-24
[6, 4, 4, 3, 3, 1]	-21
[6, 4, 4, 4, 2, 1]	-21
[6, 4, 4, 4, 3, 0]	-16
[6, 5, 3, 3, 2, 2]	-24
[6, 5, 3, 3, 3, 1]	-21
[6, 5, 4, 2, 2, 2]	-24
[6, 5, 4, 3, 2, 1]	-21
[6, 5, 4, 3, 3, 0]	-16
[6, 5, 4, 4, 1, 1]	-18
[6, 5, 4, 4, 2, 0]	-16
[6, 5, 5, 2, 2, 1]	-21
[6, 5, 5, 3, 1, 1]	-18
[6, 5, 5, 3, 2, 0]	-16
[6, 5, 5, 4, 1, 0]	-13
[6, 5, 5, 5, 0, 0]	-8
[6, 6, 3, 2, 2, 2]	-24
[6, 6, 3, 3, 2, 1]	-21
[6, 6, 3, 3, 3, 0]	-16
[6, 6, 4, 2, 2, 1]	-21
[6, 6, 4, 3, 1, 1]	-18
[6, 6, 4, 3, 2, 0]	-16
[6, 6, 4, 4, 1, 0]	-13
[6, 6, 5, 2, 1, 1]	-18
[6, 6, 5, 2, 2, 0]	-16
[6, 6, 5, 3, 1, 0]	-13
[6, 6, 5, 4, 0, 0]	-8
[6, 6, 6, 1, 1, 1]	-15
[6, 6, 6, 2, 1, 0]	-13
[6, 6, 6, 3, 0, 0]	-8
[7, 3, 3, 3, 3, 2]	-24
[7, 4, 3, 3, 2, 2]	-24
[7, 4, 3, 3, 3, 1]	-21
[7, 4, 4, 2, 2, 2]	-24
[7, 4, 4, 3, 2, 1]	-21
[7, 4, 4, 3, 3, 0]	-16
[7, 4, 4, 4, 1, 1]	-18
[7, 4, 4, 4, 2, 0]	-16
[7, 5, 3, 2, 2, 2]	-24
[7, 5, 3, 3, 2, 1]	-21
[7, 5, 3, 3, 3, 0]	-16
[7, 5, 4, 2, 2, 1]	-21
[7, 5, 4, 3, 1, 1]	-18
[7, 5, 4, 3, 2, 0]	-16
[7, 5, 4, 4, 1, 0]	-13
[7, 5, 5, 2, 1, 1]	-18
[7, 5, 5, 2, 2, 0]	-16
[7, 5, 5, 3, 1, 0]	-13
[7, 5, 5, 4, 0, 0]	-8
[7, 6, 2, 2, 2, 2]	-24
[7, 6, 3, 2, 2, 1]	-21
[7, 6, 3, 3, 1, 1]	-18
[7, 6, 3, 3, 2, 0]	-16
[7, 6, 4, 2, 1, 1]	-18
[7, 6, 4, 2, 2, 0]	-16
[7, 6, 4, 3, 1, 0]	-13
[7, 6, 4, 4, 0, 0]	-8
[7, 6, 5, 1, 1, 1]	-15
[7, 6, 5, 2, 1, 0]	-13
[7, 6, 5, 3, 0, 0]	-8
[7, 6, 6, 1, 1, 0]	-10
[7, 6, 6, 2, 0, 0]	-8
[7, 7, 2, 2, 2, 1]	-21
[7, 7, 3, 2, 1, 1]	-18
[7, 7, 3, 2, 2, 0]	-16
[7, 7, 3, 3, 1, 0]	-13
[7, 7, 4, 1, 1, 1]	-15
[7, 7, 4, 2, 1, 0]	-13
[7, 7, 4, 3, 0, 0]	-8
[7, 7, 5, 1, 1, 0]	-10
[7, 7, 5, 2, 0, 0]	-8
[7, 7, 6, 1, 0, 0]	-5
[7, 7, 7, 0, 0, 0]	+0
[8, 3, 3, 3, 2, 2]	-24
[8, 3, 3, 3, 3, 1]	-21
[8, 4, 3, 2, 2, 2]	-24
[8, 4, 3, 3, 2, 1]	-21
[8, 4, 3, 3, 3, 0]	-16
[8, 4, 4, 2, 2, 1]	-21
[8, 4, 4, 3, 1, 1]	-18
[8, 4, 4, 3, 2, 0]	-16
[8, 4, 4, 4, 1, 0]	-13
[8, 5, 2, 2, 2, 2]	-24
[8, 5, 3, 2, 2, 1]	-21
[8, 5, 3, 3, 1, 1]	-18
[8, 5, 3, 3, 2, 0]	-16
[8, 5, 4, 2, 1, 1]	-18
[8, 5, 4, 2, 2, 0]	-16
[8, 5, 4, 3, 1, 0]	-13
[8, 5, 4, 4, 0, 0]	-8
[8, 5, 5, 1, 1, 1]	-15
[8, 5, 5, 2, 1, 0]	-13
[8, 5, 5, 3, 0, 0]	-8
[8, 6, 2, 2, 2, 1]	-21
[8, 6, 3, 2, 1, 1]	-18
[8, 6, 3, 2, 2, 0]	-16
[8, 6, 3, 3, 1, 0]	-13
[8, 6, 4, 1, 1, 1]	-15
[8, 6, 4, 2, 1, 0]	-13
[8, 6, 4, 3, 0, 0]	-8
[8, 6, 5, 1, 1, 0]	-10
[8, 6, 5, 2, 0, 0]	-8
[8, 6, 6, 1, 0, 0]	-5
[8, 7, 2, 2, 1, 1]	-18
[8, 7, 2, 2, 2, 0]	-16
[8, 7, 3, 1, 1, 1]	-15
[8, 7, 3, 2, 1, 0]	-13
[8, 7, 3, 3, 0, 0]	-8
[8, 7, 4, 1, 1, 0]	-10
[8, 7, 4, 2, 0, 0]	-8
[8, 7, 5, 1, 0, 0]	-5
[8, 7, 6, 0, 0, 0]	+0
[8, 8, 2, 1, 1, 1]	-15
[8, 8, 2, 2, 1, 0]	-13
[8, 8, 3, 1, 1, 0]	-10
[8, 8, 3, 2, 0, 0]	-8
[8, 8, 4, 1, 0, 0]	-5
[8, 8, 5, 0, 0, 0]	+0
[9, 3, 3, 2, 2, 2]	-24
[9, 3, 3, 3, 2, 1]	-21
[9, 3, 3, 3, 3, 0]	-16
[9, 4, 2, 2, 2, 2]	-24
[9, 4, 3, 2, 2, 1]	-21
[9, 4, 3, 3, 1, 1]	-18
[9, 4, 3, 3, 2, 0]	-16
[9, 4, 4, 2, 1, 1]	-18
[9, 4, 4, 2, 2, 0]	-16
[9, 4, 4, 3, 1, 0]	-13
[9, 4, 4, 4, 0, 0]	-8
[9, 5, 2, 2, 2, 1]	-21
[9, 5, 3, 2, 1, 1]	-18
[9, 5, 3, 2, 2, 0]	-16
[9, 5, 3, 3, 1, 0]	-13
[9, 5, 4, 1, 1, 1]	-15
[9, 5, 4, 2, 1, 0]	-13
[9, 5, 4, 3, 0, 0]	-8
[9, 5, 5, 1, 1, 0]	-10
[9, 5, 5, 2, 0, 0]	-8
[9, 6, 2, 2, 1, 1]	-18
[9, 6, 2, 2, 2, 0]	-16
[9, 6, 3, 1, 1, 1]	-15
[9, 6, 3, 2, 1, 0]	-13
[9, 6, 3, 3, 0, 0]	-8
[9, 6, 4, 1, 1, 0]	-10
[9, 6, 4, 2, 0, 0]	-8
[9, 6, 5, 1, 0, 0]	-5
[9, 6, 6, 0, 0, 0]	+0
[9, 7, 2, 1, 1, 1]	-15
[9, 7, 2, 2, 1, 0]	-13
[9, 7, 3, 1, 1, 0]	-10
[9, 7, 3, 2, 0, 0]	-8
[9, 7, 4, 1, 0, 0]	-5
[9, 7, 5, 0, 0, 0]	+0
[9, 8, 1, 1, 1, 1]	-12
[9, 8, 2, 1, 1, 0]	-10
[9, 8, 2, 2, 0, 0]	-8
[9, 8, 3, 1, 0, 0]	-5
[9, 8, 4, 0, 0, 0]	+0
[9, 9, 1, 1, 1, 0]	-7
[9, 9, 2, 1, 0, 0]	-5
[9, 9, 3, 0, 0, 0]	+0
[10, 3, 2, 2, 2, 2]	-24
[10, 3, 3, 2, 2, 1]	-21
[10, 3, 3, 3, 1, 1]	-18
[10, 3, 3, 3, 2, 0]	-16
[10, 4, 2, 2, 2, 1]	-21
[10, 4, 3, 2, 1, 1]	-18
[10, 4, 3, 2, 2, 0]	-16
[10, 4, 3, 3, 1, 0]	-13
[10, 4, 4, 1, 1, 1]	-15
[10, 4, 4, 2, 1, 0]	-13
[10, 4, 4, 3, 0, 0]	-8
[10, 5, 2, 2, 1, 1]	-18
[10, 5, 2, 2, 2, 0]	-16
[10, 5, 3, 1, 1, 1]	-15
[10, 5, 3, 2, 1, 0]	-13
[10, 5, 3, 3, 0, 0]	-8
[10, 5, 4, 1, 1, 0]	-10
[10, 5, 4, 2, 0, 0]	-8
[10, 5, 5, 1, 0, 0]	-5
[10, 6, 2, 1, 1, 1]	-15
[10, 6, 2, 2, 1, 0]	-13
[10, 6, 3, 1, 1, 0]	-10
[10, 6, 3, 2, 0, 0]	-8
[10, 6, 4, 1, 0, 0]	-5
[10, 6, 5, 0, 0, 0]	+0
[10, 7, 1, 1, 1, 1]	-12
[10, 7, 2, 1, 1, 0]	-10
[10, 7, 2, 2, 0, 0]	-8
[10, 7, 3, 1, 0, 0]	-5
[10, 7, 4, 0, 0, 0]	+0
[10, 8, 1, 1, 1, 0]	-7
[10, 8, 2, 1, 0, 0]	-5
[10, 8, 3, 0, 0, 0]	+0
[10, 9, 1, 1, 0, 0]	-2
[10, 9, 2, 0, 0, 0]	+0
[10, 10, 1, 0, 0, 0]	+3
[11, 2, 2, 2, 2, 2]	-24
[11, 3, 2, 2, 2, 1]	-21
[11, 3, 3, 2, 1, 1]	-18
[11, 3, 3, 2, 2, 0]	-16
[11, 3, 3, 3, 1, 0]	-13
[11, 4, 2, 2, 1, 1]	-18
[11, 4, 2, 2, 2, 0]	-16
[11, 4, 3, 1, 1, 1]	-15
[11, 4, 3, 2, 1, 0]	-13
[11, 4, 3, 3, 0, 0]	-8
[11, 4, 4, 1, 1, 0]	-10
[11, 4, 4, 2, 0, 0]	-8
[11, 5, 2, 1, 1, 1]	-15
[11, 5, 2, 2, 1, 0]	-13
[11, 5, 3, 1, 1, 0]	-10
[11, 5, 3, 2, 0, 0]	-8
[11, 5, 4, 1, 0, 0]	-5
[11, 5, 5, 0, 0, 0]	+0
[11, 6, 1, 1, 1, 1]	-12
[11, 6, 2, 1, 1, 0]	-10
[11, 6, 2, 2, 0, 0]	-8
[11, 6, 3, 1, 0, 0]	-5
[11, 6, 4, 0, 0, 0]	+0
[11, 7, 1, 1, 1, 0]	-7
[11, 7, 2, 1, 0, 0]	-5
[11, 7, 3, 0, 0, 0]	+0
[11, 8, 1, 1, 0, 0]	-2
[11, 8, 2, 0, 0, 0]	+0
[11, 9, 1, 0, 0, 0]	+3
[11, 10, 0, 0, 0, 0]	+8
[12, 2, 2, 2, 2, 1]	-21
[12, 3, 2, 2, 1, 1]	-18
[12, 3, 2, 2, 2, 0]	-16
[12, 3, 3, 1, 1, 1]	-15
[12, 3, 3, 2, 1, 0]	-13
[12, 3, 3, 3, 0, 0]	-8
[12, 4, 2, 1, 1, 1]	-15
[12, 4, 2, 2, 1, 0]	-13
[12, 4, 3, 1, 1, 0]	-10
[12, 4, 3, 2, 0, 0]	-8
[12, 4, 4, 1, 0, 0]	-5
[12, 5, 1, 1, 1, 1]	-12
[12, 5, 2, 1, 1, 0]	-10
[12, 5, 2, 2, 0, 0]	-8
[12, 5, 3, 1, 0, 0]	-5
[12, 5, 4, 0, 0, 0]	+0
[12, 6, 1, 1, 1, 0]	-7
[12, 6, 2, 1, 0, 0]	-5
[12, 6, 3, 0, 0, 0]	+0
[12, 7, 1, 1, 0, 0]	-2
[12, 7, 2, 0, 0, 0]	+0
[12, 8, 1, 0, 0, 0]	+3
[12, 9, 0, 0, 0, 0]	+8
[13, 2, 2, 2, 1, 1]	-18
[13, 2, 2, 2, 2, 0]	-16
[13, 3, 2, 1, 1, 1]	-15
[13, 3, 2, 2, 1, 0]	-13
[13, 3, 3, 1, 1, 0]	-10
[13, 3, 3, 2, 0, 0]	-8
[13, 4, 1, 1, 1, 1]	-12
[13, 4, 2, 1, 1, 0]	-10
[13, 4, 2, 2, 0, 0]	-8
[13, 4, 3, 1, 0, 0]	-5
[13, 4, 4, 0, 0, 0]	+0
[13, 5, 1, 1, 1, 0]	-7
[13, 5, 2, 1, 0, 0]	-5
[13, 5, 3, 0, 0, 0]	+0
[13, 6, 1, 1, 0, 0]	-2
[13, 6, 2, 0, 0, 0]	+0
[13, 7, 1, 0, 0, 0]	+3
[13, 8, 0, 0, 0, 0]	+8
[14, 2, 2, 1, 1, 1]	-15
[14, 2, 2, 2, 1, 0]	-13
[14, 3, 1, 1, 1, 1]	-12
[14, 3, 2, 1, 1, 0]	-10
[14, 3, 2, 2, 0, 0]	-8
[14, 3, 3, 1, 0, 0]	-5
[14, 4, 1, 1, 1, 0]	-7
[14, 4, 2, 1, 0, 0]	-5
[14, 4, 3, 0, 0, 0]	+0
[14, 5, 1, 1, 0, 0]	-2
[14, 5, 2, 0, 0, 0]	+0
[14, 6, 1, 0, 0, 0]	+3
[14, 7, 0, 0, 0, 0]	+8
[15, 2, 1, 1, 1, 1]	-12
[15, 2, 2, 1, 1, 0]	-10
[15, 2, 2, 2, 0, 0]	-8
[15, 3, 1, 1, 1, 0]	-7
[15, 3, 2, 1, 0, 0]	-5
[15, 3, 3, 0, 0, 0]	+0
[15, 4, 1, 1, 0, 0]	-2
[15, 4, 2, 0, 0, 0]	+0
[15, 5, 1, 0, 0, 0]	+3
[15, 6, 0, 0, 0, 0]	+8
[16, 1, 1, 1, 1, 1]	-9
[16, 2, 1, 1, 1, 0]	-7
[16, 2, 2, 1, 0, 0]	-5
[16, 3, 1, 1, 0, 0]	-2
[16, 3, 2, 0, 0, 0]	+0
[16, 4, 1, 0, 0, 0]	+3
[16, 5, 0, 0, 0, 0]	+8
[17, 1, 1, 1, 1, 0]	-4
[17, 2, 1, 1, 0, 0]	-2
[17, 2, 2, 0, 0, 0]	+0
[17, 3, 1, 0, 0, 0]	+3
[17, 4, 0, 0, 0, 0]	+8
[18, 1, 1, 1, 0, 0]	+0
[18, 2, 1, 0, 0, 0]	+2
[18, 3, 0, 0, 0, 0]	+7
[19, 1, 1, 0, 0, 0]	+4
[19, 2, 0, 0, 0, 0]	+6
[20, 1, 0, 0, 0, 0]	+9
[21, 0, 0, 0, 0, 0]	+14
