Matchup	Value
[4, 4, 4, 3, 3, 3]	+6
[4, 4, 4, 4, 3, 2]	+4
[4, 4, 4, 4, 4, 1]	+2
[5, 4, 3, 3, 3, 3]	+6
[5, 4, 4, 3, 3, 2]	+4
[5, 4, 4, 4, 2, 2]	+2
[5, 4, 4, 4, 3, 1]	+2
[5, 4, 4, 4, 4, 0]	+2
[5, 5, 3, 3, 3, 2]	+4
[5, 5, 4, 3, 2, 2]	+2
[5, 5, 4, 3, 3, 1]	+2
[5, 5, 4, 4, 2, 1]	+0
[5, 5, 4, 4, 3, 0]	+2
[5, 5, 5, 2, 2, 2]	+0
[5, 5, 5, 3, 2, 1]	+0
[5, 5, 5, 3, 3, 0]	+2
[5, 5, 5, 4, 1, 1]	-2
[5, 5, 5, 4, 2, 0]	+0
[5, 5, 5, 5, 1, 0]	-2
[6, 3, 3, 3, 3, 3]	+7
[6, 4, 3, 3, 3, 2]	+5
[6, 4, 4, 3, 2, 2]	+3
[6, 4, 4, 3, 3, 1]	+3
[6, 4, 4, 4, 2, 1]	+1
[6, 4, 4, 4, 3, 0]	+3
[6, 5, 3, 3, 2, 2]	+3
[6, 5, 3, 3, 3, 1]	+3
[6, 5, 4, 2, 2, 2]	+1
[6, 5, 4, 3, 2, 1]	+1
[6, 5, 4, 3, 3, 0]	+3
[6, 5, 4, 4, 1, 1]	-1
[6, 5, 4, 4, 2, 0]	+1
[6, 5, 5, 2, 2, 1]	-1
[6, 5, 5, 3, 1, 1]	-1
[6, 5, 5, 3, 2, 0]	+1
[6, 5, 5, 4, 1, 0]	-1
[6, 5, 5, 5, 0, 0]	-1
[6, 6, 3, 2, 2, 2]	+2
[6, 6, 3, 3, 2, 1]	+2
[6, 6, 3, 3, 3, 0]	+4
[6, 6, 4, 2, 2, 1]	+0
[6, 6, 4, 3, 1, 1]	+0
[6, 6, 4, 3, 2, 0]	+2
[6, 6, 4, 4, 1, 0]	+0
[6, 6, 5, 2, 1, 1]	-2
[6, 6, 5, 2, 2, 0]	+0
[6, 6, 5, 3, 1, 0]	+0
[6, 6, 5, 4, 0, 0]	+0
[6, 6, 6, 1, 1, 1]	-3
[6, 6, 6, 2, 1, 0]	-1
[6, 6, 6, 3, 0, 0]	+1
[7, 3, 3, 3, 3, 2]	+5
[7, 4, 3, 3, 2, 2]	+3
[7, 4, 3, 3, 3, 1]	+3
[7, 4, 4, 2, 2, 2]	+1
[7, 4, 4, 3, 2, 1]	+1
[7, 4, 4, 3, 3, 0]	+3
[7, 4, 4, 4, 1, 1]	-1
[7, 4, 4, 4, 2, 0]	+1
[7, 5, 3, 2, 2, 2]	+1
[7, 5, 3, 3, 2, 1]	+1
[7, 5, 3, 3, 3, 0]	+3
[7, 5, 4, 2, 2, 1]	-1
[7, 5, 4, 3, 1, 1]	-1
[7, 5, 4, 3, 2, 0]	+1
[7, 5, 4, 4, 1, 0]	-1
[7, 5, 5, 2, 1, 1]	-3
[7, 5, 5, 2, 2, 0]	-1
[7, 5, 5, 3, 1, 0]	-1
[7, 5, 5, 4, 0, 0]	-1
[7, 6, 2, 2, 2, 2]	+0
[7, 6, 3, 2, 2, 1]	+0
[7, 6, 3, 3, 1, 1]	+0
[7, 6, 3, 3, 2, 0]	+2
[7, 6, 4, 2, 1, 1]	-2
[7, 6, 4, 2, 2, 0]	+0
[7, 6, 4, 3, 1, 0]	+0
[7, 6, 4, 4, 0, 0]	+0
[7, 6, 5, 1, 1, 1]	-4
[7, 6, 5, 2, 1, 0]	-2
[7, 6, 5, 3, 0, 0]	+0
[7, 6, 6, 1, 1, 0]	-3
[7, 6, 6, 2, 0, 0]	-1
[7, 7, 2, 2, 2, 1]	-2
[7, 7, 3, 2, 1, 1]	-2
[7, 7, 3, 2, 2, 0]	+0
[7, 7, 3, 3, 1, 0]	+0
[7, 7, 4, 1, 1, 1]	-4
[7, 7, 4, 2, 1, 0]	-2
[7, 7, 4, 3, 0, 0]	+0
[7, 7, 5, 1, 1, 0]	-4
[7, 7, 5, 2, 0, 0]	-2
[7, 7, 6, 1, 0, 0]	-3
[7, 7, 7, 0, 0, 0]	-3
[8, 3, 3, 3, 2, 2]	+4
[8, 3, 3, 3, 3, 1]	+4
[8, 4, 3, 2, 2, 2]	+2
[8, 4, 3, 3, 2, 1]	+2
[8, 4, 3, 3, 3, 0]	+4
[8, 4, 4, 2, 2, 1]	+0
[8, 4, 4, 3, 1, 1]	+0
[8, 4, 4, 3, 2, 0]	+2
[8, 4, 4, 4, 1, 0]	+0
[8, 5, 2, 2, 2, 2]	+0
[8, 5, 3, 2, 2, 1]	+0
[8, 5, 3, 3, 1, 1]	+0
[8, 5, 3, 3, 2, 0]	+2
[8, 5, 4, 2, 1, 1]	-2
[8, 5, 4, 2, 2, 0]	+0
[8, 5, 4, 3, 1, 0]	+0
[8, 5, 4, 4, 0, 0]	+0
[8, 5, 5, 1, 1, 1]	-4
[8, 5, 5, 2, 1, 0]	-2
[8, 5, 5, 3, 0, 0]	+0
[8, 6, 2, 2, 2, 1]	-1
[8, 6, 3, 2, 1, 1]	-1
[8, 6, 3, 2, 2, 0]	+1
[8, 6, 3, 3, 1, 0]	+1
[8, 6, 4, 1, 1, 1]	-3
[8, 6, 4, 2, 1, 0]	-1
[8, 6, 4, 3, 0, 0]	+1
[8, 6, 5, 1, 1, 0]	-3
[8, 6, 5, 2, 0, 0]	-1
[8, 6, 6, 1, 0, 0]	-2
[8, 7, 2, 2, 1, 1]	-3
[8, 7, 2, 2, 2, 0]	-1
[8, 7, 3, 1, 1, 1]	-3
[8, 7, 3, 2, 1, 0]	-1
[8, 7, 3, 3, 0, 0]	+1
[8, 7, 4, 1, 1, 0]	-3
[8, 7, 4, 2, 0, 0]	-1
[8, 7, 5, 1, 0, 0]	-3
[8, 7, 6, 0, 0, 0]	-2
[8, 8, 2, 1, 1, 1]	-4
[8, 8, 2, 2, 1, 0]	-2
[8, 8, 3, 1, 1, 0]	-2
[8, 8, 3, 2, 0, 0]	+0
[8, 8, 4, 1, 0, 0]	-2
[8, 8, 5, 0, 0, 0]	-2
[9, 3, 3, 2, 2, 2]	+4
[9, 3, 3, 3, 2, 1]	+4
[9, 3, 3, 3, 3, 0]	+6
[9, 4, 2, 2, 2, 2]	+2
[9, 4, 3, 2, 2, 1]	+2
[9, 4, 3, 3, 1, 1]	+2
[9, 4, 3, 3, 2, 0]	+4
[9, 4, 4, 2, 1, 1]	+0
[9, 4, 4, 2, 2, 0]	+2
[9, 4, 4, 3, 1, 0]	+2
[9, 4, 4, 4, 0, 0]	+2
[9, 5, 2, 2, 2, 1]	+0
[9, 5, 3, 2, 1, 1]	+0
[9, 5, 3, 2, 2, 0]	+2
[9, 5, 3, 3, 1, 0]	+2
[9, 5, 4, 1, 1, 1]	-2
[9, 5, 4, 2, 1, 0]	+0
[9, 5, 4, 3, 0, 0]	+2
[9, 5, 5, 1, 1, 0]	-2
[9, 5, 5, 2, 0, 0]	+0
[9, 6, 2, 2, 1, 1]	-1
[9, 6, 2, 2, 2, 0]	+1
[9, 6, 3, 1, 1, 1]	-1
[9, 6, 3, 2, 1, 0]	+1
[9, 6, 3, 3, 0, 0]	+3
[9, 6, 4, 1, 1, 0]	-1
[9, 6, 4, 2, 0, 0]	+1
[9, 6, 5, 1, 0, 0]	-1
[9, 6, 6, 0, 0, 0]	+0
[9, 7, 2, 1, 1, 1]	-3
[9, 7, 2, 2, 1, 0]	-1
[9, 7, 3, 1, 1, 0]	-1
[9, 7, 3, 2, 0, 0]	+1
[9, 7, 4, 1, 0, 0]	-1
[9, 7, 5, 0, 0, 0]	-1
[9, 8, 1, 1, 1, 1]	-4
[9, 8, 2, 1, 1, 0]	-2
[9, 8, 2, 2, 0, 0]	+0
[9, 8, 3, 1, 0, 0]	+0
[9, 8, 4, 0, 0, 0]	+0
[9, 9, 1, 1, 1, 0]	-2
[9, 9, 2, 1, 0, 0]	+0
[9, 9, 3, 0, 0, 0]	+2
[10, 3, 2, 2, 2, 2]	+4
[10, 3, 3, 2, 2, 1]	+4
[10, 3, 3, 3, 1, 1]	+4
[10, 3, 3, 3, 2, 0]	+6
[10, 4, 2, 2, 2, 1]	+2
[10, 4, 3, 2, 1, 1]	+2
[10, 4, 3, 2, 2, 0]	+4
[10, 4, 3, 3, 1, 0]	+4
[10, 4, 4, 1, 1, 1]	+0
[10, 4, 4, 2, 1, 0]	+2
[10, 4, 4, 3, 0, 0]	+4
[10, 5, 2, 2, 1, 1]	+0
[10, 5, 2, 2, 2, 0]	+2
[10, 5, 3, 1, 1, 1]	+0
[10, 5, 3, 2, 1, 0]	+2
[10, 5, 3, 3, 0, 0]	+4
[10, 5, 4, 1, 1, 0]	+0
[10, 5, 4, 2, 0, 0]	+2
[10, 5, 5, 1, 0, 0]	+0
[10, 6, 2, 1, 1, 1]	-1
[10, 6, 2, 2, 1, 0]	+1
[10, 6, 3, 1, 1, 0]	+1
[10, 6, 3, 2, 0, 0]	+3
[10, 6, 4, 1, 0, 0]	+1
[10, 6, 5, 0, 0, 0]	+1
[10, 7, 1, 1, 1, 1]	-3
[10, 7, 2, 1, 1, 0]	-1
[10, 7, 2, 2, 0, 0]	+1
[10, 7, 3, 1, 0, 0]	+1
[10, 7, 4, 0, 0, 0]	+1
[10, 8, 1, 1, 1, 0]	-2
[10, 8, 2, 1, 0, 0]	+0
[10, 8, 3, 0, 0, 0]	+2
[10, 9, 1, 1, 0, 0]	+0
[10, 9, 2, 0, 0, 0]	+2
[10, 10, 1, 0, 0, 0]	+2
[11, 2, 2, 2, 2, 2]	+4
[11, 3, 2, 2, 2, 1]	+4
[11, 3, 3, 2, 1, 1]	+4
[11, 3, 3, 2, 2, 0]	+6
[11, 3, 3, 3, 1, 0]	+6
[11, 4, 2, 2, 1, 1]	+2
[11, 4, 2, 2, 2, 0]	+4
[11, 4, 3, 1, 1, 1]	+2
[11, 4, 3, 2, 1, 0]	+4
[11, 4, 3, 3, 0, 0]	+6
[11, 4, 4, 1, 1, 0]	+2
[11, 4, 4, 2, 0, 0]	+4
[11, 5, 2, 1, 1, 1]	+0
[11, 5, 2, 2, 1, 0]	+2
[11, 5, 3, 1, 1, 0]	+2
[11, 5, 3, 2, 0, 0]	+4
[11, 5, 4, 1, 0, 0]	+2
[11, 5, 5, 0, 0, 0]	+2
[11, 6, 1, 1, 1, 1]	-1
[11, 6, 2, 1, 1, 0]	+1
[11, 6, 2, 2, 0, 0]	+3
[11, 6, 3, 1, 0, 0]	+3
[11, 6, 4, 0, 0, 0]	+3
[11, 7, 1, 1, 1, 0]	-1
[11, 7, 2, 1, 0, 0]	+1
[11, 7, 3, 0, 0, 0]	+3
[11, 8, 1, 1, 0, 0]	+0
[11, 8, 2, 0, 0, 0]	+2
[11, 9, 1, 0, 0, 0]	+2
[11, 10, 0, 0, 0, 0]	+4
[12, 2, 2, 2, 2, 1]	+4
[12, 3, 2, 2, 1, 1]	+4
[12, 3, 2, 2, 2, 0]	+6
[12, 3, 3, 1, 1, 1]	+4
[12, 3, 3, 2, 1, 0]	+6
[12, 3, 3, 3, 0, 0]	+8
[12, 4, 2, 1, 1, 1]	+2
[12, 4, 2, 2, 1, 0]	+4
[12, 4, 3, 1, 1, 0]	+4
[12, 4, 3, 2, 0, 0]	+6
[12, 4, 4, 1, 0, 0]	+4
[12, 5, 1, 1, 1, 1]	+0
[12, 5, 2, 1, 1, 0]	+2
[12, 5, 2, 2, 0, 0]	+4
[12, 5, 3, 1, 0, 0]	+4
[12, 5, 4, 0, 0, 0]	+4
[12, 6, 1, 1, 1, 0]	+1
[12, 6, 2, 1, 0, 0]	+3
[12, 6, 3, 0, 0, 0]	+5
[12, 7, 1, 1, 0, 0]	+1
[12, 7, 2, 0, 0, 0]	+3
[12, 8, 1, 0, 0, 0]	+2
[12, 9, 0, 0, 0, 0]	+4
[13, 2, 2, 2, 1, 1]	+4
[13, 2, 2, 2, 2, 0]	+6
[13, 3, 2, 1, 1, 1]	+4
[13, 3, 2, 2, 1, 0]	+6
[13, 3, 3, 1, 1, 0]	+6
[13, 3, 3, 2, 0, 0]	+8
[13, 4, 1, 1, 1, 1]	+2
[13, 4, 2, 1, 1, 0]	+4
[13, 4, 2, 2, 0, 0]	+6
[13, 4, 3, 1, 0, 0]	+6
[13, 4, 4, 0, 0, 0]	+6
[13, 5, 1, 1, 1, 0]	+2
[13, 5, 2, 1, 0, 0]	+4
[13, 5, 3, 0, 0, 0]	+6
[13, 6, 1, 1, 0, 0]	+3
[13, 6, 2, 0, 0, 0]	+5
[13, 7, 1, 0, 0, 0]	+3
[13, 8, 0, 0, 0, 0]	+4
[14, 2, 2, 1, 1, 1]	+4
[14, 2, 2, 2, 1, 0]	+6
[14, 3, 1, 1, 1, 1]	+4
[14, 3, 2, 1, 1, 0]	+6
[14, 3, 2, 2, 0, 0]	+8
[14, 3, 3, 1, 0, 0]	+8
[14, 4, 1, 1, 1, 0]	+4
[14, 4, 2, 1, 0, 0]	+6
[14, 4, 3, 0, 0, 0]	+8
[14, 5, 1, 1, 0, 0]	+4
[14, 5, 2, 0, 0, 0]	+6
[14, 6, 1, 0, 0, 0]	+5
[14, 7, 0, 0, 0, 0]	+5
[15, 2, 1, 1, 1, 1]	+4
[15, 2, 2, 1, 1, 0]	+6
[15, 2, 2, 2, 0, 0]	+8
[15, 3, 1, 1, 1, 0]	+6
[15, 3, 2, 1, 0, 0]	+8
[15, 3, 3, 0, 0, 0]	+10
[15, 4, 1, 1, 0, 0]	+6
[15, 4, 2, 0, 0, 0]	+8
[15, 5, 1, 0, 0, 0]	+6
[15, 6, 0, 0, 0, 0]	+7
[16, 1, 1, 1, 1, 1]	+4
[16, 2, 1, 1, 1, 0]	+6
[16, 2, 2, 1, 0, 0]	+8
[16, 3, 1, 1, 0, 0]	+8
[16, 3, 2, 0, 0, 0]	+10
[16, 4, 1, 0, 0, 0]	+8
[16, 5, 0, 0, 0, 0]	+8
[17, 1, 1, 1, 1, 0]	+6
[17, 2, 1, 1, 0, 0]	+8
[17, 2, 2, 0, 0, 0]	+10
[17, 3, 1, 0, 0, 0]	+10
[17, 4, 0, 0, 0, 0]	+10
[18, 1, 1, 1, 0, 0]	+8
[18, 2, 1, 0, 0, 0]	+10
[18, 3, 0, 0, 0, 0]	+12
[19, 1, 1, 0, 0, 0]	+10
[19, 2, 0, 0, 0, 0]	+12
[20, 1, 0, 0, 0, 0]	+12
[21, 0, 0, 0, 0, 0]	+14
